Listing of Spot Diagram Data

File : D:\1StarTracker\documents\02-设计阶段\天赛能够使用的一个结果.zmx
Title: 
Date : 2026/1/28


Angle in degrees
Image units: Millimeters
Reference  : Chief Ray
Reference  : Chief Ray
Surface    : Image
Wavelengths:	   Value	Weight
	          0.486133	1.00
	          0.587562	1.00
	          0.656273	1.00

                              	X                	Y
Field coordinate  :	  0.00000000E+00	  0.00000000E+00
Image coordinate  :	  0.00000000E+00	  0.00000000E+00
RMS Spot Radius   :	  1.24129393E+00 µm
RMS Spot X Size   :	  8.77727356E-01 µm
RMS Spot Y Size   :	  8.77727356E-01 µm
Max Spot Radius   :	  2.33288703E+00 µm

Field coordinate  :	  0.00000000E+00	  4.00000000E+00
Image coordinate  :	  0.00000000E+00	  3.98547282E+00
RMS Spot Radius   :	  1.55374006E+00 µm
RMS Spot X Size   :	  8.92095544E-01 µm
RMS Spot Y Size   :	  1.27211388E+00 µm
Max Spot Radius   :	  5.27729177E+00 µm

Field coordinate  :	  0.00000000E+00	  1.00000000E+01
Image coordinate  :	  0.00000000E+00	  1.00404139E+01
RMS Spot Radius   :	  1.86954113E+00 µm
RMS Spot X Size   :	  1.34690460E+00 µm
RMS Spot Y Size   :	  1.29654619E+00 µm
Max Spot Radius   :	  5.31579307E+00 µm

full field spot data
units are miu m
RMS radius 6536.95
GEO radius 1.0E+04
Scale bar 4.0E + 04
reference Chief ray
legend items refer to wavelength



Polychromatic Diffraction MTF

File : D:\1StarTracker\documents\02-设计阶段\天赛能够使用的一个结果.zmx
Title: 
Date : 2026/1/28


Data for 0.4861 to 0.6563 µm.
Surface: Image
Spatial Frequency units are cycles per mm.
Modulation is relative to 1.0.

Field: 0.00 (deg)
Spatial Frequency	  Tangential	    Sagittal
         0.000000	    1.000000	    1.000000
         5.000000	    0.984392	    0.984392
        10.000000	    0.968666	    0.968666
        15.000000	    0.952700	    0.952700
        20.000000	    0.936373	    0.936373
        25.000000	    0.919695	    0.919695
        30.000000	    0.902777	    0.902777
        35.000000	    0.885669	    0.885669
        40.000000	    0.868404	    0.868404
        45.000000	    0.851024	    0.851024
        50.000000	    0.833570	    0.833570
        55.000000	    0.816081	    0.816081
        60.000000	    0.798587	    0.798587
        65.000000	    0.781120	    0.781120
        70.000000	    0.763712	    0.763712
        75.000000	    0.746385	    0.746385
        80.000000	    0.729154	    0.729154
        85.000000	    0.712057	    0.712057
        90.000000	    0.695153	    0.695153
        95.000000	    0.678475	    0.678475
       100.000000	    0.662054	    0.662054
       105.000000	    0.645934	    0.645934
       110.000000	    0.630087	    0.630087
       115.000000	    0.614408	    0.614408
       120.000000	    0.598934	    0.598934
       125.000000	    0.583763	    0.583763
       130.000000	    0.568939	    0.568939
       135.000000	    0.554440	    0.554440
       140.000000	    0.540175	    0.540175
       145.000000	    0.526139	    0.526139
       150.000000	    0.512385	    0.512385
       155.000000	    0.498830	    0.498830
       160.000000	    0.485407	    0.485407
       165.000000	    0.472234	    0.472234
       170.000000	    0.459349	    0.459349
       175.000000	    0.446672	    0.446672
       180.000000	    0.434182	    0.434182
       185.000000	    0.421897	    0.421897
       190.000000	    0.409833	    0.409833
       195.000000	    0.397977	    0.397977
       200.000000	    0.386272	    0.386272
       205.000000	    0.374702	    0.374702
       210.000000	    0.363283	    0.363283
       215.000000	    0.351937	    0.351937
       220.000000	    0.340645	    0.340645
       225.000000	    0.329618	    0.329618
       230.000000	    0.318881	    0.318881
       235.000000	    0.308204	    0.308204
       240.000000	    0.297496	    0.297496
       245.000000	    0.286787	    0.286787
       250.000000	    0.276236	    0.276236
       255.000000	    0.265920	    0.265920
       260.000000	    0.255719	    0.255719
       265.000000	    0.245595	    0.245595
       270.000000	    0.235590	    0.235590
       275.000000	    0.225731	    0.225731
       280.000000	    0.216012	    0.216012
       285.000000	    0.206365	    0.206365
       290.000000	    0.196764	    0.196764
       295.000000	    0.187232	    0.187232
       300.000000	    0.177794	    0.177794
       305.000000	    0.168477	    0.168477
       310.000000	    0.159331	    0.159331
       315.000000	    0.150395	    0.150395
       320.000000	    0.141668	    0.141668
       325.000000	    0.133072	    0.133072
       330.000000	    0.124499	    0.124499
       335.000000	    0.116034	    0.116034
       340.000000	    0.107831	    0.107831
       345.000000	    0.100031	    0.100031
       350.000000	    0.092657	    0.092657
       355.000000	    0.085590	    0.085590
       360.000000	    0.078640	    0.078640
       365.000000	    0.071784	    0.071784
       370.000000	    0.065791	    0.065791
       375.000000	    0.060898	    0.060898
       380.000000	    0.056112	    0.056112
       385.000000	    0.051251	    0.051251
       390.000000	    0.046821	    0.046821
       395.000000	    0.042759	    0.042759
       400.000000	    0.038819	    0.038819
       405.000000	    0.034869	    0.034869
       410.000000	    0.031170	    0.031170
       415.000000	    0.028343	    0.028343
       420.000000	    0.026124	    0.026124
       425.000000	    0.023901	    0.023901
       430.000000	    0.021706	    0.021706
       435.000000	    0.019621	    0.019621
       440.000000	    0.017532	    0.017532
       445.000000	    0.015473	    0.015473
       450.000000	    0.013572	    0.013572
       455.000000	    0.011726	    0.011726
       460.000000	    0.009859	    0.009859
       465.000000	    0.008193	    0.008193
       470.000000	    0.006744	    0.006744
       475.000000	    0.005260	    0.005260
       480.000000	    0.003877	    0.003877
       485.000000	    0.002818	    0.002818
       490.000000	    0.001748	    0.001748
       495.000000	    0.000617	    0.000617
       500.000000	    0.000084	    0.000084
       505.000000	    0.000102	    0.000102
       510.000000	    0.000076	    0.000076
       515.000000	    0.000000	    0.000000
       520.000000	    0.000000	    0.000000
       525.000000	    0.000004	    0.000004
       530.000000	    0.000002	    0.000002
       535.000000	    0.000000	    0.000000
       540.000000	    0.000000	    0.000000

Field: 4.00 (deg)
Spatial Frequency	  Tangential	    Sagittal
         0.000000	    1.000000	    1.000000
         5.000000	    0.984040	    0.984358
        10.000000	    0.967700	    0.968598
        15.000000	    0.950750	    0.952598
        20.000000	    0.933223	    0.936246
        25.000000	    0.915229	    0.919557
        30.000000	    0.896909	    0.902646
        35.000000	    0.878362	    0.885569
        40.000000	    0.859668	    0.868362
        45.000000	    0.840902	    0.851070
        50.000000	    0.822133	    0.833738
        55.000000	    0.803414	    0.816402
        60.000000	    0.784790	    0.799094
        65.000000	    0.766296	    0.781840
        70.000000	    0.747969	    0.764670
        75.000000	    0.729830	    0.747603
        80.000000	    0.711884	    0.730646
        85.000000	    0.694168	    0.713832
        90.000000	    0.676742	    0.697218
        95.000000	    0.659622	    0.680830
       100.000000	    0.642817	    0.664689
       105.000000	    0.626360	    0.648833
       110.000000	    0.610212	    0.633227
       115.000000	    0.594262	    0.617762
       120.000000	    0.578556	    0.602477
       125.000000	    0.563204	    0.587476
       130.000000	    0.548193	    0.572780
       135.000000	    0.533478	    0.558363
       140.000000	    0.519019	    0.544149
       145.000000	    0.504807	    0.530135
       150.000000	    0.490846	    0.516357
       155.000000	    0.477072	    0.502738
       160.000000	    0.463448	    0.489220
       165.000000	    0.450077	    0.475925
       170.000000	    0.436989	    0.462892
       175.000000	    0.424105	    0.450035
       180.000000	    0.411424	    0.437343
       185.000000	    0.398980	    0.424847
       190.000000	    0.386746	    0.412552
       195.000000	    0.374695	    0.400443
       200.000000	    0.362824	    0.388480
       205.000000	    0.351126	    0.376655
       210.000000	    0.339585	    0.364977
       215.000000	    0.328167	    0.353379
       220.000000	    0.316881	    0.341850
       225.000000	    0.305864	    0.330592
       230.000000	    0.295127	    0.319632
       235.000000	    0.284508	    0.308753
       240.000000	    0.273930	    0.297863
       245.000000	    0.263406	    0.286985
       250.000000	    0.253081	    0.276289
       255.000000	    0.243028	    0.265858
       260.000000	    0.233135	    0.255568
       265.000000	    0.223374	    0.245379
       270.000000	    0.213793	    0.235335
       275.000000	    0.204381	    0.225453
       280.000000	    0.195105	    0.215720
       285.000000	    0.185937	    0.206079
       290.000000	    0.176860	    0.196502
       295.000000	    0.167869	    0.187006
       300.000000	    0.159026	    0.177621
       305.000000	    0.150395	    0.168387
       310.000000	    0.141924	    0.159318
       315.000000	    0.133586	    0.150435
       320.000000	    0.125450	    0.141758
       325.000000	    0.117518	    0.133228
       330.000000	    0.109738	    0.124742
       335.000000	    0.102130	    0.116343
       340.000000	    0.094767	    0.108158
       345.000000	    0.087789	    0.100378
       350.000000	    0.081248	    0.093050
       355.000000	    0.075075	    0.086030
       360.000000	    0.069211	    0.079111
       365.000000	    0.063669	    0.072264
       370.000000	    0.058704	    0.066263
       375.000000	    0.054361	    0.061355
       380.000000	    0.050218	    0.056548
       385.000000	    0.046154	    0.051635
       390.000000	    0.042318	    0.047088
       395.000000	    0.038787	    0.042923
       400.000000	    0.035559	    0.038955
       405.000000	    0.032508	    0.034961
       410.000000	    0.029676	    0.031191
       415.000000	    0.027283	    0.028368
       420.000000	    0.025142	    0.026171
       425.000000	    0.022935	    0.023878
       430.000000	    0.020758	    0.021598
       435.000000	    0.018686	    0.019473
       440.000000	    0.016579	    0.017336
       445.000000	    0.014495	    0.015223
       450.000000	    0.012618	    0.013310
       455.000000	    0.010810	    0.011459
       460.000000	    0.008951	    0.009561
       465.000000	    0.007307	    0.007891
       470.000000	    0.005920	    0.006473
       475.000000	    0.004517	    0.005001
       480.000000	    0.003176	    0.003613
       485.000000	    0.002094	    0.002567
       490.000000	    0.001117	    0.001532
       495.000000	    0.000265	    0.000461
       500.000000	    0.000000	    0.000014
       505.000000	    0.000099	    0.000107
       510.000000	    0.000090	    0.000093
       515.000000	    0.000000	    0.000000
       520.000000	    0.000000	    0.000000
       525.000000	    0.000005	    0.000005
       530.000000	    0.000002	    0.000002
       535.000000	    0.000000	    0.000000
       540.000000	    0.000000	    0.000000

Field: 10.00 (deg)
Spatial Frequency	  Tangential	    Sagittal
         0.000000	    1.000000	    1.000000
         5.000000	    0.983478	    0.983925
        10.000000	    0.966538	    0.967530
        15.000000	    0.948930	    0.950625
        20.000000	    0.930694	    0.933248
        25.000000	    0.911941	    0.915502
        30.000000	    0.892805	    0.897518
        35.000000	    0.873376	    0.879378
        40.000000	    0.853726	    0.861142
        45.000000	    0.833929	    0.842861
        50.000000	    0.814053	    0.824582
        55.000000	    0.794161	    0.806349
        60.000000	    0.774309	    0.788193
        65.000000	    0.754551	    0.770140
        70.000000	    0.734945	    0.752220
        75.000000	    0.715529	    0.734452
        80.000000	    0.696320	    0.716831
        85.000000	    0.677394	    0.699401
        90.000000	    0.658868	    0.682241
        95.000000	    0.640765	    0.665363
       100.000000	    0.623071	    0.648768
       105.000000	    0.605781	    0.632488
       110.000000	    0.588868	    0.616486
       115.000000	    0.572298	    0.600655
       120.000000	    0.556179	    0.585068
       125.000000	    0.540634	    0.569859
       130.000000	    0.525507	    0.554965
       135.000000	    0.510694	    0.540324
       140.000000	    0.496302	    0.525960
       145.000000	    0.482303	    0.511863
       150.000000	    0.468563	    0.497990
       155.000000	    0.455108	    0.484289
       160.000000	    0.441996	    0.470755
       165.000000	    0.429220	    0.457497
       170.000000	    0.416739	    0.444525
       175.000000	    0.404489	    0.431725
       180.000000	    0.392486	    0.419130
       185.000000	    0.380764	    0.406825
       190.000000	    0.369254	    0.394724
       195.000000	    0.357899	    0.382761
       200.000000	    0.346711	    0.370985
       205.000000	    0.335650	    0.359388
       210.000000	    0.324652	    0.347924
       215.000000	    0.313850	    0.336597
       220.000000	    0.303348	    0.325444
       225.000000	    0.292983	    0.314510
       230.000000	    0.282638	    0.303777
       235.000000	    0.272315	    0.293146
       240.000000	    0.262117	    0.282564
       245.000000	    0.252154	    0.272033
       250.000000	    0.242358	    0.261662
       255.000000	    0.232675	    0.251510
       260.000000	    0.223147	    0.241495
       265.000000	    0.213776	    0.231604
       270.000000	    0.204525	    0.221876
       275.000000	    0.195377	    0.212264
       280.000000	    0.186318	    0.202711
       285.000000	    0.177333	    0.193221
       290.000000	    0.168462	    0.183791
       295.000000	    0.159801	    0.174409
       300.000000	    0.151324	    0.165163
       305.000000	    0.142951	    0.156150
       310.000000	    0.134660	    0.147295
       315.000000	    0.126471	    0.138511
       320.000000	    0.118455	    0.129783
       325.000000	    0.110593	    0.121194
       330.000000	    0.102824	    0.112874
       335.000000	    0.095255	    0.104761
       340.000000	    0.087971	    0.096804
       345.000000	    0.080848	    0.089176
       350.000000	    0.074008	    0.081926
       355.000000	    0.067862	    0.074941
       360.000000	    0.062309	    0.068399
       365.000000	    0.057043	    0.062548
       370.000000	    0.052119	    0.057239
       375.000000	    0.047554	    0.052321
       380.000000	    0.043147	    0.047812
       385.000000	    0.038858	    0.043580
       390.000000	    0.034824	    0.039409
       395.000000	    0.031319	    0.035400
       400.000000	    0.028490	    0.031745
       405.000000	    0.026029	    0.028539
       410.000000	    0.023698	    0.025836
       415.000000	    0.021436	    0.023640
       420.000000	    0.019196	    0.021711
       425.000000	    0.016964	    0.019752
       430.000000	    0.014851	    0.017795
       435.000000	    0.012884	    0.015906
       440.000000	    0.010904	    0.014075
       445.000000	    0.008995	    0.012290
       450.000000	    0.007389	    0.010552
       455.000000	    0.005900	    0.008917
       460.000000	    0.004362	    0.007417
       465.000000	    0.003070	    0.005966
       470.000000	    0.002041	    0.004591
       475.000000	    0.000939	    0.003439
       480.000000	    0.000102	    0.002353
       485.000000	    0.000012	    0.001159
       490.000000	    0.000133	    0.000325
       495.000000	    0.000046	    0.000098
       500.000000	    0.000000	    0.000066
       505.000000	    0.000000	    0.000026
       510.000000	    0.000006	    0.000005
       515.000000	    0.000000	    0.000000
       520.000000	    0.000000	    0.000000
       525.000000	    0.000000	    0.000000
       530.000000	    0.000000	    0.000000
       535.000000	    0.000000	    0.000000
       540.000000	    0.000000	    0.000000






Listing of Ray Fan Data

File : D:\1StarTracker\documents\02-设计阶段\天赛能够使用的一个结果.zmx
Title: 
Date : 2026/1/28


Surface: Image
Units are µm.
Aberration data is measured in image plane local coordinates.
Tangential data is y aberration as a function of Py.
Sagittal data is x aberration as a function of Px.

Tangential fan, field number 1 = 0.00 (deg)

  Pupil    	     0.486133    	 0.587562    	 0.656273
 -1.000  	    -1.821212  	     0.806647  	    -2.332887
 -0.950  	    -1.367288  	     1.022308  	    -1.990832
 -0.900  	    -1.035489  	     1.130022  	    -1.753143
 -0.850  	    -0.800459  	     1.155150  	    -1.594281
 -0.800  	    -0.640497  	     1.119208  	    -1.492644
 -0.750  	    -0.537178  	     1.040283  	    -1.430131
 -0.700  	    -0.475012  	     0.933396  	    -1.391769
 -0.650  	    -0.441131  	     0.810846  	    -1.365357
 -0.600  	    -0.425004  	     0.682505  	    -1.341164
 -0.550  	    -0.418181  	     0.556094  	    -1.311645
 -0.500  	    -0.414056  	     0.437432  	    -1.271185
 -0.450  	    -0.407652  	     0.330663  	    -1.215872
 -0.400  	    -0.395420  	     0.238459  	    -1.143281
 -0.350  	    -0.375061  	     0.162217  	    -1.052283
 -0.300  	    -0.345351  	     0.102226  	    -0.942868
 -0.250  	    -0.305987  	     0.057838  	    -0.815975
 -0.200  	    -0.257436  	     0.027617  	    -0.673340
 -0.150  	    -0.200796  	     0.009484  	    -0.517350
 -0.100  	    -0.137661  	     0.000851  	    -0.350904
 -0.050  	    -0.069994  	    -0.001240  	    -0.177278
  0.000  	    -0.000000  	    -0.000000  	    -0.000000
  0.050  	     0.069994  	     0.001240  	     0.177278
  0.100  	     0.137661  	    -0.000851  	     0.350904
  0.150  	     0.200796  	    -0.009484  	     0.517350
  0.200  	     0.257436  	    -0.027617  	     0.673340
  0.250  	     0.305987  	    -0.057838  	     0.815975
  0.300  	     0.345351  	    -0.102226  	     0.942868
  0.350  	     0.375061  	    -0.162217  	     1.052283
  0.400  	     0.395420  	    -0.238459  	     1.143281
  0.450  	     0.407652  	    -0.330663  	     1.215872
  0.500  	     0.414056  	    -0.437432  	     1.271185
  0.550  	     0.418181  	    -0.556094  	     1.311645
  0.600  	     0.425004  	    -0.682505  	     1.341164
  0.650  	     0.441131  	    -0.810846  	     1.365357
  0.700  	     0.475012  	    -0.933396  	     1.391769
  0.750  	     0.537178  	    -1.040283  	     1.430131
  0.800  	     0.640497  	    -1.119208  	     1.492644
  0.850  	     0.800459  	    -1.155150  	     1.594281
  0.900  	     1.035489  	    -1.130022  	     1.753143
  0.950  	     1.367288  	    -1.022308  	     1.990832
  1.000  	     1.821212  	    -0.806647  	     2.332887

Sagittal fan, field number 1 = 0.00 (deg)

  Pupil    	     0.486133    	 0.587562    	 0.656273
 -1.000  	    -1.821212  	     0.806647  	    -2.332887
 -0.950  	    -1.367288  	     1.022308  	    -1.990832
 -0.900  	    -1.035489  	     1.130022  	    -1.753143
 -0.850  	    -0.800459  	     1.155150  	    -1.594281
 -0.800  	    -0.640497  	     1.119208  	    -1.492644
 -0.750  	    -0.537178  	     1.040283  	    -1.430131
 -0.700  	    -0.475012  	     0.933396  	    -1.391769
 -0.650  	    -0.441131  	     0.810846  	    -1.365357
 -0.600  	    -0.425004  	     0.682505  	    -1.341164
 -0.550  	    -0.418181  	     0.556094  	    -1.311645
 -0.500  	    -0.414056  	     0.437432  	    -1.271185
 -0.450  	    -0.407652  	     0.330663  	    -1.215872
 -0.400  	    -0.395420  	     0.238459  	    -1.143281
 -0.350  	    -0.375061  	     0.162217  	    -1.052283
 -0.300  	    -0.345351  	     0.102226  	    -0.942868
 -0.250  	    -0.305987  	     0.057838  	    -0.815975
 -0.200  	    -0.257436  	     0.027617  	    -0.673340
 -0.150  	    -0.200796  	     0.009484  	    -0.517350
 -0.100  	    -0.137661  	     0.000851  	    -0.350904
 -0.050  	    -0.069994  	    -0.001240  	    -0.177278
  0.000  	    -0.000000  	    -0.000000  	    -0.000000
  0.050  	     0.069994  	     0.001240  	     0.177278
  0.100  	     0.137661  	    -0.000851  	     0.350904
  0.150  	     0.200796  	    -0.009484  	     0.517350
  0.200  	     0.257436  	    -0.027617  	     0.673340
  0.250  	     0.305987  	    -0.057838  	     0.815975
  0.300  	     0.345351  	    -0.102226  	     0.942868
  0.350  	     0.375061  	    -0.162217  	     1.052283
  0.400  	     0.395420  	    -0.238459  	     1.143281
  0.450  	     0.407652  	    -0.330663  	     1.215872
  0.500  	     0.414056  	    -0.437432  	     1.271185
  0.550  	     0.418181  	    -0.556094  	     1.311645
  0.600  	     0.425004  	    -0.682505  	     1.341164
  0.650  	     0.441131  	    -0.810846  	     1.365357
  0.700  	     0.475012  	    -0.933396  	     1.391769
  0.750  	     0.537178  	    -1.040283  	     1.430131
  0.800  	     0.640497  	    -1.119208  	     1.492644
  0.850  	     0.800459  	    -1.155150  	     1.594281
  0.900  	     1.035489  	    -1.130022  	     1.753143
  0.950  	     1.367288  	    -1.022308  	     1.990832
  1.000  	     1.821212  	    -0.806647  	     2.332887

Tangential fan, field number 2 = 4.00 (deg)

  Pupil    	     0.486133    	 0.587562    	 0.656273
 -1.000  	     1.314013  	     5.277292  	     2.490970
 -0.950  	     1.214670  	     4.793162  	     2.077543
 -0.900  	     1.095493  	     4.311968  	     1.673880
 -0.850  	     0.965205  	     3.842364  	     1.288792
 -0.800  	     0.831195  	     3.391469  	     0.929456
 -0.750  	     0.699549  	     2.964930  	     0.601502
 -0.700  	     0.575097  	     2.567012  	     0.309111
 -0.650  	     0.461494  	     2.200692  	     0.055126
 -0.600  	     0.361295  	     1.867768  	    -0.158832
 -0.550  	     0.276053  	     1.568966  	    -0.332248
 -0.500  	     0.206416  	     1.304051  	    -0.465595
 -0.450  	     0.152221  	     1.071941  	    -0.560218
 -0.400  	     0.112600  	     0.870814  	    -0.618216
 -0.350  	     0.086080  	     0.698217  	    -0.642334
 -0.300  	     0.070682  	     0.551177  	    -0.635851
 -0.250  	     0.064023  	     0.426304  	    -0.602466
 -0.200  	     0.063419  	     0.319897  	    -0.546198
 -0.150  	     0.065986  	     0.228052  	    -0.471273
 -0.100  	     0.068740  	     0.146765  	    -0.382016
 -0.050  	     0.068704  	     0.072040  	    -0.282749
  0.000  	     0.063013  	    -0.000000  	    -0.177671
  0.050  	     0.049026  	    -0.073006  	    -0.070755
  0.100  	     0.024437  	    -0.150282  	     0.034378
  0.150  	    -0.012603  	    -0.234666  	     0.134576
  0.200  	    -0.063364  	    -0.328402  	     0.227287
  0.250  	    -0.128399  	    -0.433005  	     0.310694
  0.300  	    -0.207405  	    -0.549114  	     0.383865
  0.350  	    -0.299066  	    -0.676337  	     0.446909
  0.400  	    -0.400890  	    -0.813078  	     0.501149
  0.450  	    -0.509020  	    -0.956356  	     0.549307
  0.500  	    -0.618042  	    -1.101596  	     0.595715
  0.550  	    -0.720760  	    -1.242405  	     0.646539
  0.600  	    -0.807952  	    -1.370323  	     0.710036
  0.650  	    -0.868099  	    -1.474542  	     0.796833
  0.700  	    -0.887082  	    -1.541594  	     0.920246
  0.750  	    -0.847839  	    -1.555000  	     1.096638
  0.800  	    -0.729984  	    -1.494872  	     1.345818
  0.850  	    -0.509370  	    -1.337466  	     1.691501
  0.900  	    -0.157600  	    -1.054669  	     2.161824
  0.950  	     0.358537  	    -0.613417  	     2.789941
  1.000  	     1.077705  	     0.024974  	     3.614704

Sagittal fan, field number 2 = 4.00 (deg)

  Pupil    	     0.486133    	 0.587562    	 0.656273
 -1.000  	    -1.480838  	     1.302339  	    -1.779121
 -0.950  	    -0.984561  	     1.551920  	    -1.406329
 -0.900  	    -0.621462  	     1.682645  	    -1.148751
 -0.850  	    -0.365015  	     1.721023  	    -0.979711
 -0.800  	    -0.192482  	     1.689591  	    -0.876591
 -0.750  	    -0.084511  	     1.607346  	    -0.820388
 -0.700  	    -0.024781  	     1.490131  	    -0.795310
 -0.650  	     0.000330  	     1.350984  	    -0.788423
 -0.600  	     0.002032  	     1.200449  	    -0.789328
 -0.550  	    -0.010602  	     1.046862  	    -0.789869
 -0.500  	    -0.030396  	     0.896605  	    -0.783871
 -0.450  	    -0.051846  	     0.754340  	    -0.766904
 -0.400  	    -0.070917  	     0.623225  	    -0.736063
 -0.350  	    -0.084851  	     0.505105  	    -0.689771
 -0.300  	    -0.091997  	     0.400695  	    -0.627593
 -0.250  	    -0.091646  	     0.309750  	    -0.550069
 -0.200  	    -0.083878  	     0.231215  	    -0.458554
 -0.150  	    -0.069419  	     0.163381  	    -0.355066
 -0.100  	    -0.049504  	     0.104018  	    -0.242148
 -0.050  	    -0.025744  	     0.050513  	    -0.122731
  0.000  	    -0.000000  	    -0.000000  	    -0.000000
  0.050  	     0.025744  	    -0.050513  	     0.122731
  0.100  	     0.049504  	    -0.104018  	     0.242148
  0.150  	     0.069419  	    -0.163381  	     0.355066
  0.200  	     0.083878  	    -0.231215  	     0.458554
  0.250  	     0.091646  	    -0.309750  	     0.550069
  0.300  	     0.091997  	    -0.400695  	     0.627593
  0.350  	     0.084851  	    -0.505105  	     0.689771
  0.400  	     0.070917  	    -0.623225  	     0.736063
  0.450  	     0.051846  	    -0.754340  	     0.766904
  0.500  	     0.030396  	    -0.896605  	     0.783871
  0.550  	     0.010602  	    -1.046862  	     0.789869
  0.600  	    -0.002032  	    -1.200449  	     0.789328
  0.650  	    -0.000330  	    -1.350984  	     0.788423
  0.700  	     0.024781  	    -1.490131  	     0.795310
  0.750  	     0.084511  	    -1.607346  	     0.820388
  0.800  	     0.192482  	    -1.689591  	     0.876591
  0.850  	     0.365015  	    -1.721023  	     0.979711
  0.900  	     0.621462  	    -1.682645  	     1.148751
  0.950  	     0.984561  	    -1.551920  	     1.406329
  1.000  	     1.480838  	    -1.302339  	     1.779121

Tangential fan, field number 3 = 10.00 (deg)

  Pupil    	     0.486133    	 0.587562    	 0.656273
 -1.000  	    -0.522934  	     4.384916  	     1.756128
 -0.950  	    -0.874467  	     3.438588  	     0.797424
 -0.900  	    -1.119608  	     2.636266  	    -0.004577
 -0.850  	    -1.273975  	     1.961906  	    -0.665912
 -0.800  	    -1.350942  	     1.401517  	    -1.200654
 -0.750  	    -1.362173  	     0.942673  	    -1.621381
 -0.700  	    -1.318031  	     0.574138  	    -1.939534
 -0.650  	    -1.227883  	     0.285590  	    -2.165686
 -0.600  	    -1.100335  	     0.067408  	    -2.309737
 -0.550  	    -0.943399  	    -0.089479  	    -2.381063
 -0.500  	    -0.764618  	    -0.193701  	    -2.388615
 -0.450  	    -0.571151  	    -0.253521  	    -2.340992
 -0.400  	    -0.369826  	    -0.276878  	    -2.246475
 -0.350  	    -0.167171  	    -0.271414  	    -2.113054
 -0.300  	     0.030577  	    -0.244473  	    -1.948423
 -0.250  	     0.217481  	    -0.203094  	    -1.759967
 -0.200  	     0.387923  	    -0.153977  	    -1.554734
 -0.150  	     0.536645  	    -0.103451  	    -1.339396
 -0.100  	     0.658791  	    -0.057423  	    -1.120196
 -0.050  	     0.749969  	    -0.021317  	    -0.902886
  0.000  	     0.806319  	    -0.000000  	    -0.692660
  0.050  	     0.824591  	     0.002292  	    -0.494064
  0.100  	     0.802237  	    -0.017951  	    -0.310914
  0.150  	     0.737513  	    -0.063405  	    -0.146182
  0.200  	     0.629591  	    -0.135807  	    -0.001887
  0.250  	     0.478692  	    -0.235814  	     0.121040
  0.300  	     0.286222  	    -0.362871  	     0.222898
  0.350  	     0.054936  	    -0.515038  	     0.305378
  0.400  	    -0.210884  	    -0.688818  	     0.371746
  0.450  	    -0.505234  	    -0.878954  	     0.427046
  0.500  	    -0.820157  	    -1.078200  	     0.478326
  0.550  	    -1.145498  	    -1.277065  	     0.534898
  0.600  	    -1.468617  	    -1.463533  	     0.608623
  0.650  	    -1.774071  	    -1.622728  	     0.714242
  0.700  	    -2.043250  	    -1.736552  	     0.869746
  0.750  	    -2.253965  	    -1.783267  	     1.096800
  0.800  	    -2.379981  	    -1.737012  	     1.421219
  0.850  	    -2.390479  	    -1.567260  	     1.873527
  0.900  	    -2.249442  	    -1.238194  	     2.489583
  0.950  	    -1.914950  	    -0.707980  	     3.311312
  1.000  	    -1.338363  	     0.072061  	     4.387543

Sagittal fan, field number 3 = 10.00 (deg)

  Pupil    	     0.486133    	 0.587562    	 0.656273
 -1.000  	    -4.064523  	    -0.410864  	    -3.160424
 -0.950  	    -3.108852  	     0.251330  	    -2.393000
 -0.900  	    -2.347395  	     0.734349  	    -1.800805
 -0.850  	    -1.747291  	     1.070932  	    -1.350976
 -0.800  	    -1.280155  	     1.289172  	    -1.015378
 -0.750  	    -0.921580  	     1.413046  	    -0.770061
 -0.700  	    -0.650692  	     1.462883  	    -0.594774
 -0.650  	    -0.449752  	     1.455784  	    -0.472546
 -0.600  	    -0.303800  	     1.405993  	    -0.389296
 -0.550  	    -0.200336  	     1.325231  	    -0.333500
 -0.500  	    -0.129031  	     1.222999  	    -0.295882
 -0.450  	    -0.081464  	     1.106845  	    -0.269136
 -0.400  	    -0.050883  	     0.982615  	    -0.247682
 -0.350  	    -0.031989  	     0.854674  	    -0.227432
 -0.300  	    -0.020735  	     0.726114  	    -0.205585
 -0.250  	    -0.014136  	     0.598944  	    -0.180432
 -0.200  	    -0.010101  	     0.474268  	    -0.151177
 -0.150  	    -0.007264  	     0.352452  	    -0.117770
 -0.100  	    -0.004834  	     0.233279  	    -0.080745
 -0.050  	    -0.002442  	     0.116104  	    -0.041071
  0.000  	    -0.000000  	    -0.000000  	    -0.000000
  0.050  	     0.002442  	    -0.116104  	     0.041071
  0.100  	     0.004834  	    -0.233279  	     0.080745
  0.150  	     0.007264  	    -0.352452  	     0.117770
  0.200  	     0.010101  	    -0.474268  	     0.151177
  0.250  	     0.014136  	    -0.598944  	     0.180432
  0.300  	     0.020735  	    -0.726114  	     0.205585
  0.350  	     0.031989  	    -0.854674  	     0.227432
  0.400  	     0.050883  	    -0.982615  	     0.247682
  0.450  	     0.081464  	    -1.106845  	     0.269136
  0.500  	     0.129031  	    -1.222999  	     0.295882
  0.550  	     0.200336  	    -1.325231  	     0.333500
  0.600  	     0.303800  	    -1.405993  	     0.389296
  0.650  	     0.449752  	    -1.455784  	     0.472546
  0.700  	     0.650692  	    -1.462883  	     0.594774
  0.750  	     0.921580  	    -1.413046  	     0.770061
  0.800  	     1.280155  	    -1.289172  	     1.015378
  0.850  	     1.747291  	    -1.070932  	     1.350976
  0.900  	     2.347395  	    -0.734349  	     1.800805
  0.950  	     3.108852  	    -0.251330  	     2.393000
  1.000  	     4.064523  	     0.410864  	     3.160424


Listing of Field Curvature Data

File : D:\1StarTracker\documents\02-设计阶段\天赛能够使用的一个结果.zmx
Title: 
Date : 2026/1/28


Distortion Type: F-Tan(Theta)
Shift units are Millimeters.
Height units are Millimeters.
Distortion units are percent.
Maximum Field is 10.000 Degrees.
Maximum distortion = 0.1004%
Data for wavelength : 0.486133 µm.
Distortion focal length = 56.99931
  Y Angle (deg)	      Tan Shift	      Sag Shift	    Real Height	    Ref. Height	     Distortion
     0.00000000	     0.01126646	     0.01126646	     0.00000000	     0.00000000	     0.00000000 %
     0.10000000	     0.01125675	     0.01126139	     0.09948267	     0.09948267	    -0.00000297 %
     0.20000000	     0.01122817	     0.01124617	     0.19896592	     0.19896594	    -0.00001189 %
     0.30000000	     0.01118076	     0.01122083	     0.29845035	     0.29845043	    -0.00002677 %
     0.40000000	     0.01111458	     0.01118538	     0.39793654	     0.39793673	    -0.00004766 %
     0.50000000	     0.01102970	     0.01113986	     0.49742509	     0.49742546	    -0.00007458 %
     0.60000000	     0.01092623	     0.01108430	     0.59691658	     0.59691722	    -0.00010760 %
     0.70000000	     0.01080428	     0.01101877	     0.69641160	     0.69641262	    -0.00014679 %
     0.80000000	     0.01066400	     0.01094331	     0.79591073	     0.79591226	    -0.00019223 %
     0.90000000	     0.01050556	     0.01085800	     0.89541457	     0.89541675	    -0.00024402 %
     1.00000000	     0.01032915	     0.01076291	     0.99492369	     0.99492670	    -0.00030226 %
     1.10000000	     0.01013499	     0.01065814	     1.09443869	     1.09444271	    -0.00036707 %
     1.20000000	     0.00992330	     0.01054378	     1.19396015	     1.19396539	    -0.00043859 %
     1.30000000	     0.00969434	     0.01041993	     1.29348866	     1.29349535	    -0.00051696 %
     1.40000000	     0.00944840	     0.01028671	     1.39302480	     1.39303319	    -0.00060234 %
     1.50000000	     0.00918577	     0.01014424	     1.49256915	     1.49257952	    -0.00069490 %
     1.60000000	     0.00890677	     0.00999266	     1.59212230	     1.59213496	    -0.00079484 %
     1.70000000	     0.00861176	     0.00983211	     1.69168483	     1.69170010	    -0.00090234 %
     1.80000000	     0.00830109	     0.00966274	     1.79125733	     1.79127556	    -0.00101763 %
     1.90000000	     0.00797517	     0.00948472	     1.89084036	     1.89086194	    -0.00114093 %
     2.00000000	     0.00763438	     0.00929821	     1.99043452	     1.99045985	    -0.00127247 %
     2.10000000	     0.00727918	     0.00910340	     2.09004038	     2.09006990	    -0.00141251 %
     2.20000000	     0.00691002	     0.00890047	     2.18965852	     2.18969271	    -0.00156132 %
     2.30000000	     0.00652736	     0.00868963	     2.28928952	     2.28932887	    -0.00171917 %
     2.40000000	     0.00613172	     0.00847108	     2.38893394	     2.38897901	    -0.00188637 %
     2.50000000	     0.00572360	     0.00824504	     2.48859238	     2.48864373	    -0.00206323 %
     2.60000000	     0.00530354	     0.00801173	     2.58826539	     2.58832363	    -0.00225006 %
     2.70000000	     0.00487212	     0.00777140	     2.68795356	     2.68801934	    -0.00244721 %
     2.80000000	     0.00442991	     0.00752430	     2.78765744	     2.78773146	    -0.00265503 %
     2.90000000	     0.00397751	     0.00727066	     2.88737762	     2.88746060	    -0.00287389 %
     3.00000000	     0.00351555	     0.00701078	     2.98711466	     2.98720738	    -0.00310417 %
     3.10000000	     0.00304469	     0.00674491	     3.08686912	     3.08697241	    -0.00334627 %
     3.20000000	     0.00256557	     0.00647334	     3.18664156	     3.18675631	    -0.00360061 %
     3.30000000	     0.00207890	     0.00619637	     3.28643256	     3.28655968	    -0.00386762 %
     3.40000000	     0.00158537	     0.00591431	     3.38624267	     3.38638313	    -0.00414774 %
     3.50000000	     0.00108572	     0.00562746	     3.48607246	     3.48622729	    -0.00444144 %
     3.60000000	     0.00058070	     0.00533616	     3.58592246	     3.58609277	    -0.00474920 %
     3.70000000	     0.00007107	     0.00504073	     3.68579325	     3.68598019	    -0.00507151 %
     3.80000000	    -0.00044237	     0.00474152	     3.78568538	     3.78589015	    -0.00540889 %
     3.90000000	    -0.00095883	     0.00443888	     3.88559939	     3.88582328	    -0.00576187 %
     4.00000000	    -0.00147746	     0.00413318	     3.98553583	     3.98578020	    -0.00613099 %
     4.10000000	    -0.00199742	     0.00382479	     4.08549525	     4.08576152	    -0.00651683 %
     4.20000000	    -0.00251785	     0.00351410	     4.18547820	     4.18576785	    -0.00691997 %
     4.30000000	    -0.00303785	     0.00320150	     4.28548521	     4.28579983	    -0.00734100 %
     4.40000000	    -0.00355653	     0.00288739	     4.38551682	     4.38585806	    -0.00778057 %
     4.50000000	    -0.00407295	     0.00257219	     4.48557356	     4.48594317	    -0.00823929 %
     4.60000000	    -0.00458617	     0.00225633	     4.58565598	     4.58605579	    -0.00871785 %
     4.70000000	    -0.00509524	     0.00194023	     4.68576460	     4.68619652	    -0.00921691 %
     4.80000000	    -0.00559916	     0.00162435	     4.78589994	     4.78636599	    -0.00973718 %
     4.90000000	    -0.00609695	     0.00130914	     4.88606253	     4.88656483	    -0.01027938 %
     5.00000000	    -0.00658757	     0.00099507	     4.98625288	     4.98679367	    -0.01084426 %
     5.10000000	    -0.00707001	     0.00068262	     5.08647153	     5.08705311	    -0.01143258 %
     5.20000000	    -0.00754321	     0.00037226	     5.18671897	     5.18734379	    -0.01204513 %
     5.30000000	    -0.00800610	     0.00006452	     5.28699572	     5.28766634	    -0.01268272 %
     5.40000000	    -0.00845758	    -0.00024012	     5.38730229	     5.38802138	    -0.01334618 %
     5.50000000	    -0.00889657	    -0.00054113	     5.48763917	     5.48840954	    -0.01403636 %
     5.60000000	    -0.00932194	    -0.00083797	     5.58800686	     5.58883145	    -0.01475416 %
     5.70000000	    -0.00973254	    -0.00113011	     5.68840586	     5.68928773	    -0.01550046 %
     5.80000000	    -0.01012724	    -0.00141699	     5.78883666	     5.78977902	    -0.01627621 %
 


Data for wavelength : 0.587562 µm.
Distortion focal length = 56.99922
  Y Angle (deg)	      Tan Shift	      Sag Shift	    Real Height	    Ref. Height	     Distortion
     0.00000000	     0.00028791	     0.00028791	     0.00000000	     0.00000000	     0.00000000 %
     0.10000000	     0.00027927	     0.00028216	     0.09948251	     0.09948251	    -0.00000387 %
     0.20000000	     0.00025336	     0.00026492	     0.19896560	     0.19896563	    -0.00001549 %
     0.30000000	     0.00021019	     0.00023621	     0.29844985	     0.29844996	    -0.00003488 %
     0.40000000	     0.00014984	     0.00019604	     0.39793586	     0.39793610	    -0.00006206 %
     0.50000000	     0.00007237	     0.00014446	     0.49742419	     0.49742468	    -0.00009709 %
     0.60000000	    -0.00002211	     0.00008149	     0.59691544	     0.59691628	    -0.00014002 %
     0.70000000	    -0.00013348	     0.00000719	     0.69641019	     0.69641152	    -0.00019091 %
     0.80000000	    -0.00026160	    -0.00007838	     0.79590901	     0.79591100	    -0.00024984 %
     0.90000000	    -0.00040629	    -0.00017515	     0.89541250	     0.89541534	    -0.00031692 %
     1.00000000	    -0.00056738	    -0.00028304	     0.99492122	     0.99492513	    -0.00039225 %
     1.10000000	    -0.00074465	    -0.00040197	     1.09443577	     1.09444098	    -0.00047594 %
     1.20000000	    -0.00093787	    -0.00053184	     1.19395672	     1.19396350	    -0.00056814 %
     1.30000000	    -0.00114677	    -0.00067254	     1.29348465	     1.29349330	    -0.00066897 %
     1.40000000	    -0.00137110	    -0.00082396	     1.39302014	     1.39303099	    -0.00077860 %
     1.50000000	    -0.00161054	    -0.00098598	     1.49256377	     1.49257716	    -0.00089720 %
     1.60000000	    -0.00186477	    -0.00115846	     1.59211612	     1.59213244	    -0.00102496 %
     1.70000000	    -0.00213345	    -0.00134126	     1.69167776	     1.69169742	    -0.00116206 %
     1.80000000	    -0.00241622	    -0.00153422	     1.79124928	     1.79127272	    -0.00130873 %
     1.90000000	    -0.00271269	    -0.00173720	     1.89083124	     1.89085895	    -0.00146518 %
     2.00000000	    -0.00302246	    -0.00195000	     1.99042422	     1.99045670	    -0.00163164 %
     2.10000000	    -0.00334508	    -0.00217247	     2.09002880	     2.09006660	    -0.00180837 %
     2.20000000	    -0.00368011	    -0.00240440	     2.18964555	     2.18968925	    -0.00199564 %
     2.30000000	    -0.00402708	    -0.00264560	     2.28927503	     2.28932525	    -0.00219372 %
     2.40000000	    -0.00438550	    -0.00289585	     2.38891783	     2.38897523	    -0.00240289 %
     2.50000000	    -0.00475483	    -0.00315495	     2.48857450	     2.48863979	    -0.00262347 %
     2.60000000	    -0.00513456	    -0.00342266	     2.58824562	     2.58831954	    -0.00285578 %
     2.70000000	    -0.00552411	    -0.00369876	     2.68793175	     2.68801509	    -0.00310015 %
     2.80000000	    -0.00592292	    -0.00398298	     2.78763347	     2.78772705	    -0.00335692 %
     2.90000000	    -0.00633037	    -0.00427508	     2.88735132	     2.88745604	    -0.00362647 %
     3.00000000	    -0.00674585	    -0.00457478	     2.98708588	     2.98720266	    -0.00390917 %
     3.10000000	    -0.00716871	    -0.00488183	     3.08683771	     3.08696753	    -0.00420541 %
     3.20000000	    -0.00759829	    -0.00519592	     3.18660736	     3.18675127	    -0.00451561 %
     3.30000000	    -0.00803391	    -0.00551677	     3.28639540	     3.28655448	    -0.00484018 %
     3.40000000	    -0.00847486	    -0.00584408	     3.38620238	     3.38637778	    -0.00517957 %
     3.50000000	    -0.00892042	    -0.00617752	     3.48602884	     3.48622178	    -0.00553423 %
     3.60000000	    -0.00936984	    -0.00651677	     3.58587536	     3.58608710	    -0.00590464 %
     3.70000000	    -0.00982235	    -0.00686151	     3.68574246	     3.68597436	    -0.00629128 %
     3.80000000	    -0.01027717	    -0.00721138	     3.78563071	     3.78588416	    -0.00669466 %
     3.90000000	    -0.01073350	    -0.00756603	     3.88554065	     3.88581714	    -0.00711531 %
     4.00000000	    -0.01119050	    -0.00792511	     3.98547282	     3.98577389	    -0.00755375 %
     4.10000000	    -0.01164734	    -0.00828823	     4.08542776	     4.08575505	    -0.00801056 %
     4.20000000	    -0.01210315	    -0.00865501	     4.18540602	     4.18576123	    -0.00848629 %
     4.30000000	    -0.01255704	    -0.00902506	     4.28540812	     4.28579305	    -0.00898156 %
     4.40000000	    -0.01300812	    -0.00939798	     4.38543460	     4.38585112	    -0.00949697 %
     4.50000000	    -0.01345546	    -0.00977334	     4.48548600	     4.48593608	    -0.01003314 %
     4.60000000	    -0.01389811	    -0.01015073	     4.58556283	     4.58604853	    -0.01059074 %
     4.70000000	    -0.01433513	    -0.01052971	     4.68566564	     4.68618911	    -0.01117043 %
     4.80000000	    -0.01476553	    -0.01090983	     4.78579493	     4.78635842	    -0.01177289 %
     4.90000000	    -0.01518831	    -0.01129065	     4.88595123	     4.88655710	    -0.01239884 %
     5.00000000	    -0.01560247	    -0.01167168	     4.98613505	     4.98678578	    -0.01304901 %
     5.10000000	    -0.01600696	    -0.01205246	     5.08634691	     5.08704506	    -0.01372415 %
     5.20000000	    -0.01640074	    -0.01243250	     5.18658731	     5.18733559	    -0.01442503 %
     5.30000000	    -0.01678275	    -0.01281130	     5.28685677	     5.28765798	    -0.01515244 %
     5.40000000	    -0.01715189	    -0.01318835	     5.38715578	     5.38801286	    -0.01590721 %
     5.50000000	    -0.01750707	    -0.01356312	     5.48748483	     5.48840086	    -0.01669017 %
     5.60000000	    -0.01784716	    -0.01393510	     5.58784444	     5.58882261	    -0.01750219 %
     5.70000000	    -0.01817103	    -0.01430373	     5.68823508	     5.68927873	    -0.01834414 %
     5.80000000	    -0.01847753	    -0.01466846	     5.78865724	     5.78976986	    -0.01921695 %
     5.90000000	    -0.01876550	    -0.01502874	     5.88911141	     5.89029663	    -0.02012155 %


Data for wavelength : 0.656273 µm.
Distortion focal length = 56.99699
  Y Angle (deg)	      Tan Shift	      Sag Shift	    Real Height	    Ref. Height	     Distortion
     0.00000000	     0.02849176	     0.02849176	     0.00000000	     0.00000000	     0.00000000 %
     0.10000000	     0.02848300	     0.02848556	     0.09947862	     0.09947862	    -0.00000422 %
     0.20000000	     0.02845647	     0.02846699	     0.19895782	     0.19895785	    -0.00001688 %
     0.30000000	     0.02841220	     0.02843604	     0.29843818	     0.29843829	    -0.00003801 %
     0.40000000	     0.02835023	     0.02839274	     0.39792028	     0.39792055	    -0.00006763 %
     0.50000000	     0.02827066	     0.02833713	     0.49740470	     0.49740523	    -0.00010579 %
     0.60000000	     0.02817357	     0.02826925	     0.59689203	     0.59689294	    -0.00015254 %
     0.70000000	     0.02805909	     0.02818914	     0.69638285	     0.69638429	    -0.00020795 %
     0.80000000	     0.02792737	     0.02809686	     0.79587772	     0.79587989	    -0.00027211 %
     0.90000000	     0.02777857	     0.02799249	     0.89537724	     0.89538033	    -0.00034509 %
     1.00000000	     0.02761287	     0.02787611	     0.99488198	     0.99488623	    -0.00042702 %
     1.10000000	     0.02743050	     0.02774779	     1.09439252	     1.09439819	    -0.00051801 %
     1.20000000	     0.02723167	     0.02760763	     1.19390944	     1.19391683	    -0.00061819 %
     1.30000000	     0.02701665	     0.02745574	     1.29343332	     1.29344273	    -0.00072770 %
     1.40000000	     0.02678571	     0.02729224	     1.39296473	     1.39297653	    -0.00084670 %
     1.50000000	     0.02653915	     0.02711724	     1.49250426	     1.49251881	    -0.00097536 %
     1.60000000	     0.02627729	     0.02693089	     1.59205246	     1.59207020	    -0.00111386 %
     1.70000000	     0.02600047	     0.02673332	     1.69160993	     1.69163129	    -0.00126239 %
     1.80000000	     0.02570906	     0.02652468	     1.79117724	     1.79120270	    -0.00142117 %
     1.90000000	     0.02540343	     0.02630513	     1.89075495	     1.89078503	    -0.00159042 %
     2.00000000	     0.02508400	     0.02607485	     1.99034365	     1.99037889	    -0.00177037 %
     2.10000000	     0.02475119	     0.02583401	     2.08994390	     2.08998489	    -0.00196127 %
     2.20000000	     0.02440546	     0.02558281	     2.18955627	     2.18960364	    -0.00216337 %
     2.30000000	     0.02404728	     0.02532143	     2.28918134	     2.28923576	    -0.00237697 %
     2.40000000	     0.02367714	     0.02505010	     2.38881967	     2.38888184	    -0.00260234 %
     2.50000000	     0.02329555	     0.02476901	     2.48847183	     2.48854250	    -0.00283980 %
     2.60000000	     0.02290305	     0.02447841	     2.58813838	     2.58821835	    -0.00308965 %
     2.70000000	     0.02250020	     0.02417852	     2.68781990	     2.68791000	    -0.00335223 %
     2.80000000	     0.02208757	     0.02386960	     2.78751694	     2.78761807	    -0.00362788 %
     2.90000000	     0.02166577	     0.02355189	     2.88723006	     2.88734316	    -0.00391698 %
     3.00000000	     0.02123541	     0.02322567	     2.98695983	     2.98708588	    -0.00421989 %
     3.10000000	     0.02079713	     0.02289119	     3.08670680	     3.08684685	    -0.00453700 %
     3.20000000	     0.02035161	     0.02254876	     3.18647154	     3.18662669	    -0.00486872 %
     3.30000000	     0.01989950	     0.02219866	     3.28625459	     3.28642599	    -0.00521547 %
     3.40000000	     0.01944153	     0.02184119	     3.38605652	     3.38624539	    -0.00557770 %
     3.50000000	     0.01897841	     0.02147668	     3.48587787	     3.48608549	    -0.00595584 %
     3.60000000	     0.01851089	     0.02110543	     3.58571919	     3.58594691	    -0.00635038 %
     3.70000000	     0.01803973	     0.02072778	     3.68558103	     3.68583026	    -0.00676179 %
     3.80000000	     0.01756571	     0.02034408	     3.78546395	     3.78573616	    -0.00719058 %
     3.90000000	     0.01708963	     0.01995468	     3.88536847	     3.88566523	    -0.00763726 %
     4.00000000	     0.01661233	     0.01955994	     3.98529515	     3.98561808	    -0.00810238 %
     4.10000000	     0.01613464	     0.01916023	     4.08524452	     4.08559533	    -0.00858649 %
     4.20000000	     0.01565742	     0.01875593	     4.18521712	     4.18559760	    -0.00909015 %
     4.30000000	     0.01518155	     0.01834744	     4.28521349	     4.28562550	    -0.00961396 %
     4.40000000	     0.01470794	     0.01793516	     4.38523415	     4.38567967	    -0.01015852 %
     4.50000000	     0.01423751	     0.01751950	     4.48527964	     4.48576071	    -0.01072446 %
     4.60000000	     0.01377119	     0.01710088	     4.58535048	     4.58586925	    -0.01131242 %
     4.70000000	     0.01330994	     0.01667975	     4.68544719	     4.68600591	    -0.01192307 %
     4.80000000	     0.01285474	     0.01625653	     4.78557030	     4.78617131	    -0.01255710 %
     4.90000000	     0.01240658	     0.01583170	     4.88572033	     4.88636607	    -0.01321519 %
     5.00000000	     0.01196647	     0.01540570	     4.98589779	     4.98659083	    -0.01389809 %
     5.10000000	     0.01153544	     0.01497902	     5.08610318	     5.08684619	    -0.01460653 %
     5.20000000	     0.01111455	     0.01455214	     5.18633702	     5.18713280	    -0.01534128 %
     5.30000000	     0.01070485	     0.01412556	     5.28659982	     5.28745126	    -0.01610313 %
     5.40000000	     0.01030742	     0.01369979	     5.38689207	     5.38780222	    -0.01689289 %
     5.50000000	     0.00992338	     0.01327534	     5.48721426	     5.48818630	    -0.01771139 %
     5.60000000	     0.00955383	     0.01285274	     5.58756690	     5.58860412	    -0.01855949 %
     5.70000000	     0.00919991	     0.01243254	     5.68795048	     5.68905632	    -0.01943806 %
     5.80000000	     0.00886276	     0.01201528	     5.78836546	     5.78954352	    -0.02034800 %
     5.90000000	     0.00854356	     0.01160152	     5.88881235	     5.89006636	    -0.02129026 %
    

Listing of Wavefront Map Data

File : D:\1StarTracker\documents\02-设计阶段\天赛能够使用的一个结果.zmx
Title: 
Date : 2026/1/28


Wavefront Function
0.5876 µm at 0.00 (deg)
Peak to valley = 0.1089 waves, RMS = 0.0354 waves.
Surface: Image
Exit Pupil Diameter: 6.5602E+00 Millimeters

Pupil grid size: 64 by 64
Center point is: Col 33, Row 32

  0.000000E+00	  0.000000E+00	  0.000000E+00	  0.000000E+00	  0.000000E+00	  0.000000E+00	  0.000000E+00	  0.000000E+00	  0.000000E+00	  0.000000E+00	  0.000000E+00	  0.000000E+00	  0.000000E+00	  0.000000E+00	  0.000000E+00	  0.000000E+00	  0.000000E+00	  0.000000E+00	  0.000000E+00	  0.000000E+00	  0.000000E+00	  0.000000E+00	  0.000000E+00	  0.000000E+00	  0.000000E+00	  0.000000E+00	  0.000000E+00	  0.000000E+00	  0.000000E+00	  0.000000E+00	  0.000000E+00	  0.000000E+00	  1.089151E-01	  0.000000E+00	  0.000000E+00	  0.000000E+00	  0.000000E+00	  0.000000E+00	  0.000000E+00	  0.000000E+00	  0.000000E+00	  0.000000E+00	  0.000000E+00	  0.000000E+00	  0.000000E+00	  0.000000E+00	  0.000000E+00	  0.000000E+00	  0.000000E+00	  0.000000E+00	  0.000000E+00	  0.000000E+00	  0.000000E+00	  0.000000E+00	  0.000000E+00	  0.000000E+00	  0.000000E+00	  0.000000E+00	  0.000000E+00	  0.000000E+00	  0.000000E+00	  0.000000E+00	  0.000000E+00	  0.000000E+00
  0.000000E+00	  0.000000E+00	  0.000000E+00	  0.000000E+00	  0.000000E+00	  0.000000E+00	  0.000000E+00	  0.000000E+00	  0.000000E+00	  0.000000E+00	  0.000000E+00	  0.000000E+00	  0.000000E+00	  0.000000E+00	  0.000000E+00	  0.000000E+00	  0.000000E+00	  0.000000E+00	  0.000000E+00	  0.000000E+00	  0.000000E+00	  0.000000E+00	  0.000000E+00	  0.000000E+00	  0.000000E+00	  1.078183E-01	  1.065725E-01	  1.054731E-01	  1.045440E-01	  1.038033E-01	  1.032649E-01	  1.029381E-01	  1.028286E-01	  1.029381E-01	  1.032649E-01	  1.038033E-01	  1.045440E-01	  1.054731E-01	  1.065725E-01	  1.078183E-01	  0.000000E+00	  0.000000E+00	  0.000000E+00	  0.000000E+00	  0.000000E+00	  0.000000E+00	  0.000000E+00	  0.000000E+00	  0.000000E+00	  0.000000E+00	  0.000000E+00	  0.000000E+00	  0.000000E+00	  0.000000E+00	  0.000000E+00	  0.000000E+00	  0.000000E+00	  0.000000E+



File : D:\1StarTracker\documents\02-设计阶段\天赛能够使用的一个结果.zmx
Title: 
Date : 2026/1/28


Polychromatic FFT PSF
0.4861 to 0.6563 µm at 0.00 (deg).
Data spacing is 0.666 µm.
Data area is 85.240 µm wide.
Surface: Image
Reference Coordinates: 0.00000E+00, 0.00000E+00
Pupil grid size: 64 by 64
Image grid size: 128 by 128
Center point is: row 65, column 64
Values are not normalized.

  6.9827E-05	  1.7200E-05	  1.1487E-05	  5.0853E-05	  7.2461E-05	  4.8936E-05	  2.0609E-05	  2.1905E-05	  3.6399E-05	  4.1124E-05	  3.7871E-05	  3.1255E-05	  2.2214E-05	  1.7658E-05	  1.8292E-05	  1.6391E-05	  1.3773E-05	  1.7310E-05	  2.3216E-05	  2.4533E-05	  2.2177E-05	  2.0764E-05	  2.1930E-05	  2.1801E-05	  1.5106E-05	  4.6140E-06	  7.3316E-07	  9.4623E-06	  2.5242E-05	  3.5120E-05	  2.9451E-05	  1.2811E-05	  3.5671E-06	  1.4967E-05	  3.7382E-05	  5.0060E-05	  4.5652E-05	  3.0133E-05	  1.2354E-05	  3.3524E-06	  5.7771E-06	  9.2139E-06	  1.1682E-05	  2.0012E-05	  3.2712E-05	  5.5103E-05	  9.3355E-05	  1.1685E-04	  9.4664E-05	  5.2061E-05	  2.3557E-05	  8.4410E-06	  7.9843E-06	  2.8645E-05	  5.2469E-05	  5.6223E-05	  3.3919E-05	  6.9253E-06	  1.8851E-05	  6.3121E-05	  7.0601E-05	  3.3668E-05	  1.4963E-05	  1.7941E-05	  1.4963E-05	  3.3668E-05	  7.0601E-05	  6.3121E-05	  1.8851E-05	  6.9253E-06	  3.3919E-05	  5.6223E-05	  5.2469E-05	  2.8645E-05	  7.9843E-06	  8.4410E-06	  2.3557E-05	  5.2061E-05	  9.4664E-05	  1.1685E-04	  9.3355E-05	  5.5103E-05	  3.2712E-05	  2.0012E-05	  1.1682E-05	  9.2139E-06	  5.7771E-06	  3.3524E-06	  1.2354E-05	  3.0133E-05	  4.5652E-05	  5.0060E-05	  3.7382E-05	  1.4967E-05	  3.5671E-06	  1.2811E-05	  2.9451E-05	  3.5120E-05	  2.5242E-05	  9.4623E-06	  7.3316E-07	  4.6140E-06	  1.5106E-05	  2.1801E-05	  2.1930E-05	  2.0764E-05	  2.2177E-05	  2.4533E-05	  2.3216E-05	  1.7310E-05	  1.3773E-05	  1.6391E-05	  1.8292E-05	  1.7658E-05	  2.2214E-05	  3.1255E-05	  3.7871E-05	  4.1124E-05	  3.6399E-05	  2.1905E-05	  2.0609E-05	  4.8936E-05	  7.2461E-05	  5.0853E-05	  1.1487E-05	  1.7200E-05	  6.9827E-05	  1.0160E-04
  4.8494E-05	  1.1982E-05	  5.4588E-06	  3.0758E-05	  4.7295E-05	  3.3241E-05	  1.2843E-05	  1.1943E-05	  2.2832E-05	  2.8398E-05	  2.6316E-05	  2.0037E-05	  1.3448E-05	  1.1725E-05	  1.2584E-05	  1.0195E-05	  7.9782E-06	  1.0551E-05	  1.3382E-05	  1.2141E-05	  9.1267E-06	  7.5490E-06	  8.2449E-06	  9.2478E-06	  7.2224E-06	  2.6998E-06	  4.7201E-07	  3.7178E-06	  1.0618E-05	  1.5428E-05	  1.3032E-05	  5.4380E-06	  2.2222E-06	  9.6919E-06	  2.1118E-05	  2.5581E-05	  2.2116E-05	  1.4663E-05	  5.3933E-06	  9.1557E-07	  4.6436E-06	  7.5639E-06	  6.3476E-06	  8.4313E-06	  1.4885E-05	  2.8713E-05	  5.4626E-05	  7.0810E-05	  5.4193E-05	  2.5099E-05	  1.0070E-05	  4.2270E-06	  4.0884E-06	  1.6069E-05	  3.1735E-05	  3.6505E-05	  2.3497E-05	  3.8368E-06	  8.9380E-06	  3.6087E-05	  3.6842E-05	  1.1283E-05	  7.2395E-06	  1.5722E-05	  7.2395E-06	  1.1283E-05	  3.6842E-05	  3.6087E-05	  8.9380E-06	  3.8368E-06	  2.3497E-05	  3.6505E-05	  3.1735E-05	  1.6069E-05	  4.0884E-06	  4.2270E-06	  1.0070E-05	  2.5099E-05	  5.4193E-05	  7.0810E-05	  5.4626E-05	  2.8713E-05	  1.4885E-05	  8.4313E-06	  6.3476E-06	  7.5639E-06	  4.6436E-06	  9.1557E-07	  5.3933E-06	  1.4663E-05	  2.2116E-05	  2.5581E-05	  2.1118E-05	  9.6919E-06	  2.2222E-06	  5.4380E-06	  1.3032E-05	  1.5428E-05	  1.0618E-05	  3.7178E-06	  4.7201E-07	  2.6998E-06	  7.2224E-06	  9.2478E-06	  8.2449E-06	  7.5490E-06	  9.1267E-06	  1.2141E-05	  1.3382E-05	  1.0551E-05	  7.9782E-06	  1.0195E-05	  1.2584E-05	  1.1725E-05	  1.3448E-05	  2.0037E-05	  2.6316E-05	  2.8398E-05	  2.2832E-05	  1.1943E-05	  1.2843E-05	  3.3241E-05	  4.7295E-05	  3.0758E-05	  5.4588E-06	  1.1982E-05	  4.8494E-05	  6.9827E-05
  1.1982E-05	  2.8989E-06	  5.2080E-07	  5.7462E-06	  1.0053E-05	  7.3477E-06	  1.6425E-06	  6.2365E-07	  4.7080E-06	  7.7633E-06	  6.1422E-06	  2.4318E-06	  1.2996E-06	  2.8677E-06	  2.9100E-06	  1.0634E-06	  1.0541E-06	  2.0584E-06	  9.9334E-07	  4.7840E-08	  1.5460E-06	  2.7720E-06	  1.8558E-06	  6.2297E-07	  5.0303E-07	  8.3286E-07	  6.8142E-07	  1.0430E-06	  3.4405E-06	  5.7269E-06	  4.3791E-06	  1.0243E-06	  4.9817E-07	  3.0981E-06	  4.1101E-06	  2.3792E-06	  3.2650E-06	  7.2873E-06	  6.9949E-06	  2.8042E-06	  2.9013E-06	  5.4793E-06	  4.7582E-06	  4.2207E-06	  5.7309E-06	  6.7430E-06	  9.2936E-06	  1.0643E-05	  4.8818E-06	  1.0776E-06	  8.2621E-06	  1.5327E-05	  1.2228E-05	  5.6525E-06	  4.4240E-06	  9.5216E-06	  1.3922E-05	  1.2845E-05	  1.4156E-05	  1.7613E-05	  9.8479E-06	  3.0845E-06	  1.8786E-05	  3.3046E-05	  1.8786E-05	  3.0845E-06	  9.8479E-06	  1.7613E-05	  1.4156E-05	  1.2845E-05	  1.3922E-05	  9.5216E-06	  4.4240E-06	  5.6525E-06	  1.2228E-05	  1.5327E-05	  8.2621E-06	  1.0776E-06	  4.8818E-06	  1.0643E-05	  9.2936E-06	  6.7430E-06	  5.7309E-06	  4.2207E-06	  4.7582E-06	  5.4793E-06	  2.9013E-06	  2.8042E-06	  6.9949E-06	  7.2873E-06	  3.2650E-06	  2.3792E-06	  4.1101E-06	  3.0981E-06	  4.9817E-07	  1.0243E-06	  4.3791E-06	  5.7269E-06	  3.4405E-06	  1.0430E-06	  6.8142E-07	  8.3286E-07	  5.0303E-07	  6.2297E-07	  1.8558E-06	  2.7720E-06	  1.5460E-06	  4.7840E-08	  9.9334E-07	  2.0584E-06	  1.0541E-06	  1.0634E-06	  2.9100E-06	  2.8677E-06	  1.2996E-06	  2.4318E-06	  6.1422E-06	  7.7633E-06	  4.7080E-06	  6.2365E-07	  1.6425E-06	  7.3477E-06	  1.0053E-05	  5.7462E-06	  5.2080E-07	  2.8989E-06	  1.1982E-05	  1.7200E-05
